-0.38,-991792066,96670,94005370,3049896,1470990254,1549887614,108835,3424685,-792934015,1381040008,1698162601,-105370115,-791707519
-1.07,-309425751
-0.39,1685905084,93997959,-1380616231,3146030,103769422,104256825,3681
-1.09,-318452137
-1.08,476588369,274268338
2.75,1091835884
-0.31,-1392975417,280295099,108850,660765259,1383408323,112903447
-0.32,3027034,-67824454,-1853217488,108275692,-1869930878,1970279373
-0.33,-1898423318,-2000011198,1255702830,96581,92817572,92898186,96710,2998651,-793235331,93508654,-1392988871,951602190,952109035,94005650,150270639,554360554,5308539,1456243994,665251320,1402633315,98505,-583018029,842414370,1953438253,-568136263,-1913802871,-1354554468,674559319,-1335656807,1544803905,1334482610,1844969154,-1310311169,-1298848381,-1603765303,1259191795,858523452,423371852,3128418,-636732673,97618667,97618973,546173438,98110119,102478,99052550,-1184266632,-1598910135,-2020599460,3268153,-1109910343,1164668487,102977465,103672914,1852089416,-103677777,-651487409,570269616,109856,-1241412325,3433489,106543953,-318370833,-989163880,-308949031,-2130468562,3522539,-739545672,109400035,109549001,109642094,114240,-889473228,110621003,-1067370843,111577511,-114978452,-1410279218,1584683461,1224335515,113015141,3649544,113318786
-0.34,1364364287,3029699,3148894,99044836,123266662,-865715313
-1.03,-1939100487
-0.35,-1322278904,1958062848,22010965,103666610,110760,-1183781741,1800550788,-891115281
-0.36,-599445191,1559801053,100509913,176117146,1240175696,1825783482,-1001078227,3565975
-0.37,1352637108,364720301,100326,-840528943
-1.04,2097113237
-0.49,92689676,101304458
-1.18,-566947566,-1331583257
-1.17,-723445253,951530617,-1014427391
-2.0,-2092279065,1822110043,-1194687765,359499398,-213139122,-1030747581,-1956755935,121431874,-530574945,204392928,3107,-1831924868,-1421994503,-89482904,2002944587,1836789437,-1419258174,-1415910041,92905870,-1414265340,-1886249209,-1414048024,2998131,-902604115,1528950345,-1411277011,-366981018,1291597734,93078279,-1409474114,1771900717,-905652506,-1169545829,179721967,-624097489,1721116373,93193455,-606778177,3010346,-1396558274,-2024027924,93500843,-1396440608,833497447,-336855455,93507994,93509978,93510467,97321,93610877,-406349635,-1392793525,723449718,-1392504806,-217756631,93629142,548802253,93908757,97720,60941921,64934800,2082149329,2097810786,97739,145292779,227996723,539320920,-1367726386,94429577,94432955,94433027,-1367540982,1432511431,-1404142937,98410,-1529171400,739062832,94627023,-1360334095,779316130,-1435862505,-1435143669,98603,3058156,925399946,-1840567753,-941707776,1853891989,-1455576622,-541207418,951024288,-1476401737,-1923018202,-580132440,-798568347,951500663,-426382536,-421764137,-565475268,94849588,957885709,94852030,94921481,1047561014,1126995600,95163315,-1339089075,1721095295,3200,503634520,561841931,-527380334,1544916048,1822733494,-1109226753,99346,1860306663,-47370490,99361,95498829,3203,3083215,-1331994124,78067430,-1331748929,-1331701063,271454945,530405532,-369552377,-1331547564,1671764162,2080913500,367869605,127033989,885905032,1359472718,-1325951274,1913009182,-605480886,1443276820,312664263,3112942,728331676,-17132557,-928783742,100543,-1624392372,-1657143404,1196459702,-1298662846,-1603842447,1912251767,517933167,1948155949,-742988063,-950205058,96669591,1418096990,913223200,-1316865696,122265833,3127794,97009340,-1086585852,97195768,-1077469768,585797419,97308557,97425010,97428936,97436022,3143098,-673660814,1628570786,-1023061219,394861101,97692013,97692260,-603827659,-1266085216,3152691,3152861,-511411065,1399268707,1525505733,98127112,-1284885497,438655788,98436988,102432,3176364,102542,-1504825505,-1237890562,98615419,201724889,-332022825,102622,3184026,-127724819,374104928,-1224874655,99035256,692800787,67406608,692810131,99048694,-215208145,99151507,-1098528401,99152071,99288831,-1211637339,99469061,1100512727,2012224626,1047015441,1265465634,99750640,104053,-1618432854,3227416,104386,724284663,1925939383,3365,-940530403,-940530388,92796966,1085372378,-1985182638,-408217362,1137150191,499324979,502504728,100402729,-1182263643,3369,-1180622995,-1179387397,-1179357727,104581,3254576,-1167182103,-1167054290,-1166980178,3262235,105322,105428,-943430435,-1132607870,3291718,102415063,102738114,-1110061110,1400399113,-1109772796,102749521,-2131613689,107089,-1102433415,103160278,103160829,355416697,103163698,3330582,-2133704067,-1443799858,826270056,103655720,834767726,103666250,839196689,-821667183,840422346,3344148,3346627,3346671,-362243017,103773372,-822219654,-462094004,-1077545552,955826371,-1077435211,-1441675048,-1359056347,-1073850129,-1068869305,-1068855130,-672592469,1227433738,1230648817,1647895367,-332498464,-1695979479,-1068259517,-1068147933,-298458787,3495,-1063166010,3363112,-1063013433,526288325,-1062836723,-1062766572,883663369,3373444,3373490,3377373,104713805,1908816107,109256,-1405875728,3387312,105008760,-1023304850,774367975,105559020,3408100,105722732,110025,-1323191193,-725307102,92374239,-1252986702,-1207109523,-1204461845,1316389283,106044662,-1106575454,-14498417,3424391,3433103,-995547144,3433444,110754,3433568,-77651126,3434556,110816,-1878111536,2030455511,-258041904,3437304,3437329,110879,1217509294,-988425403,-2030335470,1874772524,106748876,1972035111,-985653831,-490205021,1376641635,106851287,634062031,757850261,-1925032183,1563938880,-2119706455,-1276224445,-1654399006,-1004670894,-1027738372,-1110822763,-995612508,-995612494,-639761254,-309121332,-1219318836,1293601206,297526654,-976921272,107344900,-966900088,3470641,-1468208161,658336602,-938425535,3492820,976294009,3492882,309404654,337713099,987977162,-1104387478,-866437281,1808610037,-806191449,440547787,-779891494,-722568175,414760449,108474201,-522589957,1091836000,112795,1092888527,-440238868,-934531685,2091635578,340047371,-1784733318,1097871374,3500245,-931221879,1207023522,108523205,108526092,113030,-847087114,113279,108880909,1952149918,-908056710,-1458301887,-908189592,109267145,3526383,-905965960,1983772324,-903570585,3529558,113879,-1519228600,690369513,109453458,-2132625450,-899450034,109578318,3534922,-897052567,1746332184,-1743505095,-1694759930,1307197699,-1012167258,-2128790370,-1893880272,-892066894,-892066888,-891990146,1790934047,-1875223392,-189114713,1471088314,-1333183202,315730723,-1929477777,-1856889577,-1074527491,-1074527453,-613887319,-1899740700,1917942344,-1852006340,-91442467,-1987496117,-1552004507,-1886051896,110126275,114593,-880903900,666794389,-877394036,-1171085948,-1353359095,110327039,-874524924,1473641539,-1545477013,-1322977561,-1142258974,-867965866,-1134815187,115038,1271107579,-2008779578,-1671097383,-1059707286,115213,-860968463,115705,3587999,-1233940066,-840781965,-428723436,1125209337,1140488245,2050507294,-1742304149,2001389362,-838723504,111550360,-585743927,730633803,730640530,231144850,1947884178,-82477705,-1249575311,-823645631,2014205639,451310788,-1600986881,3619905,3625376,640192174,116959,112684607,-795192327,3641810,112901415,-795011675,112901805,1125911007,-1400789497,3649267,917264041,1510122995,120474,3735264,53103466
-2.6,-1266509013,105408,2003177615,-1073878064
-0.41,109330445
-2.5,1773036997,853620774,1810385456,363387971,561734779,682623892,-234430277
-0.42,-1302915788,2121427030,-1367775363,1642196352,96667352,-1289163687,101254,3148801,98629307,3208676,-529948348,1968600364,-1430660201,-309474065,-1884274053,115542,3594628
-0.43,-365764331,-2102111499,-1052607321,3452698,-1292876679,113868,-891990144,112204398
-0.44,-718837726,-351767064,17431304,-125341131,1261935397,-1309033062,3433164,-896597524,-1621979774
-1.11,-135761730,109770977
-2.2,-1383797171,-906260742
-1.14,-1383378640,-1380792031,98228297,3433450,114154,-1972417704,469406097
-0.45,-804109473,-1309675259,908259181,-309387644,-1787372195,949122880
-0.46,-649620375,829251210,1686170647,-1184266647,106748522,-993141291,1985941072,-1640898997
-1.13,-466615865,-1298275357
-0.47,1747619631,1920367559,3165449,1752415442,66557755,-547120939,144518515
-2.4,97434216
-1.15,106616
-1.29,94431075,460935592
-0.51,-509623555,3498,-1012222381,-995582717,1405079709
-0.52,958132849,-1271823248,106464,-1102666215,103659588,-1897135858
-1.21,-1350309703
-0.53,-680782859,-750127868,-1407254886,1634161208,-710537653,106164915,110125066
-0.54,97526796,3165387,3166852,-1221178642,99459988,181843832,948881689,-1077615814
-1.22,-1377553120,97696046
-0.55,98277,554224532,-1081307714,-985762968,3443508,3540562
-1.25,-1421163834,92909962,156669207,98284,-454383931,-1202630425,-1298670751,1098703162,1752415457,-363378206,107375,-1073669858,-1052618937,-303947974,-690213213,109324212,113953,-892494539,-1854717351,544835925,3566014
-0.56,-1420601579,93514183,-2138153725,1671773380,-1657147515,795560349,-7490165,-1081434779,-786681338
-0.57,92643646,92787657,92906313,-1293200840,-755221347,-1430670728,1192391365,3496475,109618859
-0.58,94742588,601918342,-124173431,1481625679,-2131445451,1538319932,1189002411,-2119257554,-2115639270,-768449023
-1.27,-1274708295,178836936
-0.59,-1217394001
0.01,96372,-224439084,93908710,950398559,899160355,-1402830437,1620707992,95546724,99453,1989774883,98629188,103669,3414667,4184044,110621028,-865715328,-1067367135
-1.1,-290659267
-1.0,96321,463069053,92598774,-1424404675,-423261988,-1201519885,-1201516287,1658381128,-1407617633,-546179828,2032201211,-1189731238,-1179509012,961208630,-2146525273,2988040,-2143202801,-1971686609,-529891726,-1971800989,-803330918,96414,92657442,-239428156,874544034,2989068,2989092,801891127,-1422360272,1833453096,92670896,-905207882,92676538,702266792,-711298263,-711294555,92678226,92679255,1742529444,1019985636,-1411843951,2993830,-677011630,2994706,-920074830,-917312083,-916263391,707668770,92903288,92903629,1806944311,180698908,843565971,2006424386,-299791527,-534151031,412057350,-1691959136,92936626,-971180524,-945247807,2998658,-1412932284,-1412808770,1693538148,-847398795,-841943367,-234181010,-793451138,2014918057,96803,-791286539,-750127137,-1409314304,93085691,3002870,-734206983,-734206852,3003349,-819588327,93110692,93111608,395926318,1314395868,-1408208028,-1408204561,1026262733,-704668316,-704300532,-1408182254,-1407389821,-675357909,-64148139,-661856701,-1113151762,722587238,1777449107,-631548027,-1405842060,-2116948403,93235730,3010848,2121364523,-1332194002,-347204197,3016100,-318340889,93500857,459814429,-1911676623,-1396397902,-338624718,93505090,-333647760,1539093419,-333587212,-1396228274,3016384,93508539,93508931,-1396172903,-1689065488,-1678503541,93514311,97323,3017845,97349,-1950162266,3019696,1411893015,-230989506,97412,3019887,288063318,-224494845,896818362,1087893034,-218752972,93700066,97502,-1852626246,577334502,3023622,-1389262348,-117459713,3023879,-109829509,93819384,97662,-1383797185,93911205,-1831041435,93914150,-389707156,1976867876,64069901,93924924,-1383290379,2119547770,68648372,807867886,-2115311574,3152,137728614,141035884,94005654,150270635,1682016941,3033217,97858,1226735405,235331618,-1246950304,-1377762182,-1377752149,97920,94415849,94415933,-1367858676,548484463,1261522580,-125053565,3046099,-1367658620,323835108,-1785379680,-1541723517,553970892,554360569,1509437081,-1367500517,-1367500502,93052737,94434950,660387005,-916596374,738642965,94623429,1430610212,-1361636556,739015757,1436115569,-1361513951,742740594,1664642510,-2059795226,94637148,1193153613,1941716187,3053770,-1210665356,-1088251077,222403920,382350310,94750088,860813349,94750389,916555539,98615,949243356,949444906,-1741312392,-612455660,-1498725064,314256821,1019213974,-602117960,-599764074,-599760850,950487869,282191163,1840201062,-728071860,-1095391065,-545220312,-1718723966,-1402931622,-1354812196,-1399907075,950503479,2081978672,-850735704,951069182,-1354792239,1170708281,951123270,-779137888,1108058555,-578949000,-775651656,-775651618,323026579,1207444247,951504825,3059506,-411129665,-567451565,-410956685,-155480305,264554174,-388405929,-1147167521,379108464,-2123420514,-1197862110,-349742907,2042872197,98691,-479984821,3059553,1959027051,-1209646455,1155669854,1706464642,-423972809,-1354574096,-1354573888,957939245,-1354569782,98712,1820421855,1373916540,1373920632,94935223,1043379703,-2005930448,-1351805523,-311273205,98878,1611297262,95346387,-1846133831,3078756,-1567198949,95458540,-711196674,99331,-527380296,-1014418093,-1335462064,1389669634,670163566,505198305,3079641,-862244722,1059375224,-1335395545,-26291381,940261707,940564422,715388038,1556125228,-1947657036,-1829997390,-1335224239,-1297660250,3082149,95547088,-1332598068,1655054676,-1331942542,99460,-1874877392,1665456261,-962590887,224461316,99470,1020820805,318116834,445594727,-121207376,-115742578,247594209,250885916,285367343,1131863763,331135366,288698108,-1488332635,-1331466411,-936062413,-1592664856,-1610133858,3088947,875976926,1202692986,-1325957929,-835725113,2067787590,-1323662517,-607298137,773645846,3094652,95935891,95939747,-1622842017,-1976136507,-1310336379,-1964623686,100209,3108285,-1017207312,-929134466,3110996,100365,3111445,96501131,96503021,96517853,96593295,-1888686220,-1662836996,-930847859,96619420,-1638014661,-1299765161,-2040616678,-1509860222,-1637322286,-1299637517,-1634057263,1629013373,998184942,-150607929,506770203,-1624068955,100555,107148562,6585975,-1606531852,-1606430000,-1604087502,682347325,963793127,-1298294102,-2102177570,-2094363978,-2094363437,-1591573360,581399968,-1295482711,-1505258262,96757808,-15828151,-1494864209,1923880022,1127418694,-1294763899,96798613,-1455402550,1371318729,-1415751511,100762,100802,153475344,720430827,-1367324025,96946943,96948919,-1321239270,-1958423320,-1321148966,2043017118,-1090974990,-809546959,-302630242,96955127,540120820,1002105320,-625116056,-1929323940,333692560,422406450,175554779,-1923653889,-1305285460,-542916169,-1327306701,-1091882742,3135262,-1086574198,-1281970672,-1086368103,97195055,-167589893,97201778,-1077679694,97205822,101222,-338583327,-291955453,-1278193497,-1274702574,-923490785,3143043,-1274499742,-681259443,-1851889317,-681202741,-681202727,13298646,97436152,-1274442605,591355503,-264625293,-1274253726,101397,-377141366,2010122246,2028533240,-765796364,97527040,97615829,3148987,1854358490,2031511570,467044927,-677662361,97618791,-1268784659,-590776741,-1268778909,474197438,-677436258,97619197,-1268772043,97621890,-603797674,-603675837,-600094315,-1263626027,1512395230,-814774865,-196305830,-1253238360,-1253206767,3165321,-190527617,3165345,-189118908,98128121,-79679845,-471566729,-680256017,1231714172,102254,98317814,12575052,102329,3172637,1014256706,3302,3178592,-2128648783,-1970447562,-1237889192,-1237884201,-1057266931,98619129,-1237774176,98619136,1229948184,-1552543012,98708951,98717172,-1234611375,-1224875748,3194844,99042814,99043767,-1224607619,99043891,99044015,99044113,692137389,-485897927,103061,-1224577496,692803403,3194994,70209345,-1224424662,701449013,-2044820885,-196923509,201016269,-243033129,-1220876895,-623515137,3328,3207768,-1211707988,3208384,99460980,3208419,-1211647009,-447447618,-982710258,492249102,99467211,1998540916,1100549100,3338,-1206314632,99639597,2123507821,-1205961088,-1205912852,3342,-1491712962,3224394,104014,-1550957715,3226301,104103,410862190,1223839184,1925379497,-1229211688,-419685381,-1703305877,1942443864,86983890,-1339651217,-1184235822,116029774,-1184172914,1945431576,1968600572,104418,269062809,-248987413,204093617,298890837,-1183913711,-1709767515,1751846260,29046650,900450407,2144269689,900476367,1957570017,556367213,67514519,-1183766973,570086828,1156347348,1958058855,499324813,1973397624,-1554736723,42993106,2096252803,-1583522030,100361516,100361822,871991583,-334200353,636625638,2004532846,2071728958,1598538268,104618,104665,3254182,100886528,100890817,-1818926452,101009374,-1163504934,-1422657345,-1148998893,101814338,937988064,101815736,101826833,3287939,101935196,-750848042,-750844232,-750770363,-1132184844,102053727,106198,3297865,-1125640956,3303708,-59511391,-1215057717,3314152,-52159616,102738920,102739119,-1110054497,814515163,-1705444771,-1109852573,106916,-1109706098,102845808,-1106742777,1575786049,51198037,-1106578487,107030,-1106203642,1157907385,-1650299426,-1103010367,166756945,874513490,1340118206,-741215785,960546886,960570313,-1102895894,1103805627,1623073377,177089960,1346279023,102982549,-1102492817,1490306592,1873486924,-1097337470,103149406,342334473,103160830,3327810,-1091917135,824188521,-1175430336,829014902,-1081624035,103656665,103658613,2063290515,835278710,370239766,-1969347631,839015415,-1081307143,103666484,246972891,300911179,-1081297285,-1081292734,-1081277114,-1081269672,-2038717326,296922109,948589810,1819996333,1391443552,2141401336,942043850,299674039,944242800,-1077908935,-1077881050,-1340241962,948967775,-1077762423,103785605,-912422301,955534258,3349774,3351294,-1635833864,3351417,-1551507431,1064394448,-212097507,954626258,-1073910849,333389763,-1073891108,-1073886297,-1073880421,-1206119211,1293793087,108271,1225229329,1922601279,-672592669,1225231368,3357091,-1618646939,104073639,-1068680538,-1068666986,1235271283,3357397,1236152675,-330797808,-323376849,104080017,2102892935,-204524388,-1068346013,3491,3362330,521882084,104256569,1265073601,-1062845354,836587485,1412991327,104264043,883544225,104577338,-1053024399,1717240058,104582012,104588773,-1052652988,1728551436,3508,108895,-1049487466,-1049482625,1825779806,985813260,1280440908,501523109,-820123300,-1048944175,2062783309,-478222604,-319744086,1382852371,-1045741142,109188,3386896,105001977,-271879004,161685583,236609127,-1268907982,109445,105185528,105526921,122345516,-1650527122,792816933,1273482642,3541,-1021656367,-1021537544,105623950,-1014311425,110164,3417106,4365270,110252,-1252986687,-187877657,1312619969,105962274,105973800,-1209477108,-101212433,-2141611800,-1965244000,3420775,-1169869673,110346,110377,2049907839,357458978,-875336858,-1091297367,-1091295072,-2067396669,-755321504,-753660988,-1774226039,-1091281153,-661218207,106152547,3432985,-995865464,106422650,-995683371,271905324,-798716717,3433266,-1190254202,106434956,-995483545,106435435,-793201736,-791090288,-995350064,1293304448,1371508401,3570,106539630,-991840791,-1308588146,-681304124,1487954201,106556050,481140686,564800541,328947702,-991716523,1161522835,445757629,-911917435,528250256,-988476804,106662638,110997,991136506,-988040098,1972027436,1972046765,3446812,672767397,-522602103,-392125503,-137428455,757462669,2018521757,106857100,-389414522,449124667,-2082587848,-322418251,58228757,-1376177026,-1294005119,-1282083710,-1279552451,1430631063,131392665,-921943160,-1224099687,-1276666088,9280860,106934632,-979984055,-1812041682,264104525,-742745920,-1290561483,-1005874764,-309519186,-1094759602,-1094759278,-309504447,1357588268,-1002263574,-939229180,-799212381,106940740,-713362495,-713354757,2039313751,-547236843,106940994,-977125980,-220500655,1758487896,-976921287,-966947054,111715,3463279,3464762,112179,3481927,-1287352101,-581023413,651810876,-1165870106,107948036,-1050430019,-795165745,108268531,108270342,112670,499079129,3493278,3493561,3494032,112725,-865156138,-859509699,3496354,1177613870,1895433655,-796368651,839434536,-770517052,3496466,-2127374911,521787133,-934813832,2147150102,-160216464,1085865601,-152113312,1381817201,1381817216,1758123659,1758123674,1090493498,-554436138,-934646895,1091415283,-522328435,1884393831,-455138212,-934534786,1094496948,430919186,-448032471,-353323086,-196559465,374996026,292995641,-1522730022,-1522730007,-350385368,2092968587,2124045062,1420887597,1863800889,1938660679,1097368044,-341328904,-1991257175,-1349309530,-1297282981,1097547238,-545964212,-1507570499,1098118072,-310145473,-934356415,374505717,1099846370,390414111,-934348459,1196892970,3500652,-930747702,-930662359,3645,-581514723,108695446,-925192251,113116,892822531,1555546594,113344,108927265,109192459,-909877230,1859076435,109198039,109202626,3522666,-909675094,109207344,-1463788183,1871106147,2037762207,109211285,109211286,-891967915,-697920873,-160710468,-688466355,889932366,889932482,-906277200,-914044437,-906090767,1978310868,1217426321,1979153137,1979923290,3526539,-2029846601,-905887542,1984149904,-490875414,1984153612,-1417583381,473436926,1560532577,-903575421,-444405978,2054162462,2054228727,-903456583,109403602,109407671,1663059257,-338391123,371952214,3529645,-169343402,109430704,2086392492,1073584312,109441270,-1297717703,109441977,2094539564,3530540,3530567,109447677,3530581,109451470,109453443,3532020,-2132872043,-219940204,109519229,109526449,109538271,-606534881,-1534448035,-2069023483,288091297,3535810,-2038765912,-896806058,3536088,1480387697,1492427973,109620671,3536161,-1635992324,-2020530488,109629306,-2134663084,-2008465223,-997953231,1493410429,-896071454,-896071412,-2018473781,-895679987,-721670919,114127,1103438325,-892495469,-1312413811,1318441394,-892477256,-1893554493,114213,-1884319283,-1588053489,-725463247,-298813010,-659450179,-891985903,-1881751491,-891974708,1793837866,287341114,-891899649,1885516910,-1878833895,109787969,-188566958,841863047,-891529694,-1867613269,2009073915,3541655,-1864309884,1197722116,-1857636694,-1856984925,-22375277,-1663206299,-891064571,-1600582734,3543443,109854227,-889478859,1651385390,531908124,-1552726233,-643901989,3552490,-500679086,-1538217009,110131085,-880872220,-1535283763,3555653,-877712452,-1667525906,-699995734,1469675088,-81453000,-1429352729,783201304,-877336406,-1427544033,110246592,-1609819592,-877169487,-1422446064,3558812,-565156582,-1349551137,-1349544041,-874698772,-1337936487,110339814,1259420714,3559965,-873664438,-873463577,3565883,-1037172987,3565938,110549824,-1134815202,3566168,-1840445406,-1218981275,3708,-865716289,1270756916,753641009,-1067310595,-1067213657,-1385549433,-2142620517,1052666732,-1984475487,-63342472,110628630,-865479651,1498900763,-1060026833,1687654733,-865281851,110713211,495706434,-965475919,115696,111200821,-847235332,795515487,-1026963764,930308233,1537937384,-448766019,317251040,-1763958545,-1981331426,-1389862471,-1626174665,-840227282,2054888919,-219983501,-838362440,-824099889,116515,-823639363,-1484401125,-816770419,451863399,1126432601,3619474,461983308,1875883392,466760814,112218124,112396986,938485300,112890117,-795318260,3641802,1118841754,-1997587773,112901635,532134947,295690813,-794960732,547314296,1223328215,249779165,1226863719,1230441729,-2088296559,3648633,1011786023,-787797128,1022433886,-782175464,1096844922,35762567,1123356400,1525373119,113319035,1528019698,113405357,3661817,114739560,-737702431,114862922,-734216609,-991776864,3744686
-0.61,92669701,-56794054,50805911,-1052831400,-372069726,106845584
-0.62,97765,-1293063503,-1616598216,116102
-0.63,-606510148,69574494,750867693,-938102328,-892490695,-838846263,113101865
-1.32,-1381030452
-0.64,-1088842512,178878036,-1274639644,-1097131496,2093667819
-1.6,1519786164,692112103,-1317750766
-0.65,94756344
-1.33,874544019,2992349,-1412829518,93029230,93294114,-218763980,152240833,-1357520517,98689,1540502518,-1335395429,228972607,3091780,-1310311393,-786925831,-191501435,3282,100048981,3360,3235104,570398262,570410685,1539594266,1329635014,-792039887,-682587753,-989040443,1083684813,109201665,109254796,127386889,185106653,3556653,-816631292,1941332754
-1.8,3046168,245086015,-995381121,108704329,2057732615,1787472634
-0.66,-887145639,-1926005497
-0.67,1784199293,-1411068523,-742232857,1315289598,1599780710,-1396673086,1530906051,1380427972,62164237,665251305,738950403,1424423132,-1132785802,957830652,-1089470353,-1519102167,-233842216,-124173446,861720859,95774492,3116868,96834877,-1289153612,-1289044182,101145,-979207434,3138990,97526982,-1266394726,102102,1810371709,2007557282,98629312,99463863,1430647483,-46572617,-414949776,-690636360,-1077554975,1054337575,3351631,-508172706,58386461,595233003,-1106249210,1802065795,875077159,-309216997,-992842891,-979797550,988679653,429853078,-547620790,-341064690,-325726108,1098373575,108704142,-919870279,113291,-909893934,3526149,2088273157,-2038765932,-1420897192,-891990013,114800,-868088983,1276119258,-840336155,-1004647059
-1.2,951024232,-861311717,946165745,-1673284943
-0.68,-892487843
-1.5,96422,1160102054,96575,2996619,-1307421338,-1413299531,-734345794,-1408204183,310044232,96944,385556336,-1396228258,3029745,3156,1458181501,-2041009430,738805284,94631335,-1354846179,-1743535452,-1106201306,-567811164,2043263311,1004004716,1671402645,1847246102,1428021497,95845295,1193469613,3117878,-542916184,-976001660,385686682,3166313,286955934,3181261,1343767312,691430401,-1220767132,926934164,1093944969,104104,545142747,3239401,-1592111859,105459,55813638,3321611,-1102508601,103657884,-1081519953,-392910375,-1081267614,949979916,103899095,3363318,1728559930,1844321735,-1040171424,2139344229,109592,-1548381578,2066400872,105948009,-79080956,-79080739,106434209,-682140850,-253474258,-389582555,-318188072,-541818179,-235365105,-225087366,-220463842,3492908,1080652534,936782308,-934646882,-525864929,-421982628,-1217501024,1099953179,-1458301902,-1836765176,1319330215,-871779439,-1896986903,-22855641,-1851891165,-1340224999,-873668326,-1721943835,115338,1151863900,-448759529,200758020,-838362136,111550345,452307474,201194301,115896834
-1.38,1466199213,-231549732
-0.69,3267670,-1770633379,-816433435
-1.4,1632323103,1659526655,224311672,109651596
-1.37,3046160
0.11,-1064834623,92752103,-1912450848,-1514915098,3015911,98381,94631255,1118806921,-568121382,1553479329,-199022589,104080482,-1480388560,3634,1080382802,112785,2054222603,-903455530,3565875,117475
0.12,-1931413465,-879772901,-1408207997,1218257467,97926,-1161419469,-677145915,3154629,-1132179078,111343,108386675,-1024946010,-903566220,1787798387,-1867169789,3700,110331239
0.08,93610339,-689107872,-1741312146,657608902,-1335595316,1674213328,-1468651097,96891546,3135355,3283,-80148248,636733255,106079,50359046,103143811,108207,3433490,32622807,3492875,979894153,-902467812,1493410467,-1060924179,-880905839,-815566671,-1427624695,1954122069
0.09,-1422504031,-1412959777,3016252,3180,-612455675,902347594,-403412835,1611562069,-1295475003,480052706,120623833,-419685396,835260319,3360908,2045486514,-1034364087,109403487,-733631846,-1340451584,115545,-816227352
0.06,92690017,96519,93083655,94630981,3059615,-290756696,-1833616121,-1630368479,101313,3314155,107996,-1353377575,-1052639424,108855,921111605,-1106239763,2039460467,-526130165,1094603199,-350895717,109413500,-2085148305,1052964649,-819941426
0.07,-1830107870,542756025,-1146830912,3052620,860587528,957882532,1334482595,96651962,3124973,96874278,-1220931680,1091758151,3273752,338411064,-1074341483,-1358878401,108957,108960,110103,106629499,-1066027719,3493088,-908062580,3552573
0.04,96437,-1364013605,1128850480,1671386080,-1592545692,99469071,2064805518,-1039689681,-1791517821,3492891,-690338273,-265013972,1574008798,110534465
0.05,92847249,156781895,-109829471,665251428,951543133,-1429847026,-729351864,-1090974952,-1309477607,123270370,243392089,103666502,3489,1662702913,106855379,-1405517509,-1619874672,108523210,3506294,-1269727920,-2040341195,-896505829,-215087900,-1605867799,114851798,114974605
0.02,92659968,391463841,-734452820,3046006,738943683,1133429022,1925736384,3198773,-1339995535,3240729,102865796,3321844,3343892,-1068487181,-1276242363,-934908847,109258328,1984987798,-2021876808,3556460,110364486
0.03,1336604970,93121264,93508531,3020260,-1383228885,1019005717,568196142,3139199,3198785,3313821,103658937,1062776428,103901109,-2029849391,-991113336,109646109,3645428,113319054,3704893
-0.05,-1655966961,-1417475850,2997831,93223517,-1072065315,866540725,-1995960111,3076183,-1335343116,-807723863,536683137,-1274502343,3149094,-1268684262,3208616,-897882217,-1799980989,839254517,747805177,-32446780,-998696838,-1028636743,-934416125,135018193
-0.06,96417,-1409670998,-1392464400,-1430646092,94849606,-80681014,273184065,-1480972831,1674318603,83375000,3194931,-1808450477,1926124408,-500553873,106934986,3506511,-899644285,1306691868,3655441
-0.07,-1870801202,-2126077933,2989490,-991666997,-676905720,616468353,-1407298933,5725536,97636,-1383200900,-599262632,951117504,-1335432629,95852938,96619178,998184818,-1609594032,501116579,-1211468481,-1509691889,95321666,570410817,-1179159893,-1109843021,-1407250542,-1106754295,3317608,108104,-979812796,651403948,1090594823,109757538,-892482046
-0.08,2048605165,1997542747,93921311,1581800170,951590184,-1352294148,1554454174,-1323526108,100416,3241,-1609594047,100648,99287024,-510663909,90259659,-1184236009,1195341721,100526016,-1008770331,18561903,-921832806,112101,1978314576,-1866291876,-1853194133,-1737370588,3555933,119977
-0.09,-1414871478,606175198,3079315,-85567126,3154358,3322014,-1081309778,-1019793001,106748523,1099357204,1423616456
0.22,646793354,-2003767520,-373408282,665251189,-804533940,-1354573786,3135084,97427706,98120254,-1119954465,3327780,107348,105007365,-1263184552,-55526668,-1095364194,-992843022,-925132982,3540569,189328014,3641667
0.23,788226694,1475610435,96658059,-1591952009,-859123185,3273794,-76567660,-539210063,-678927291,3443497,-982450881,-951707226,-1003761788,-551298755,-1057133568,109797023,1984986705
0.21,1304216857,-644676692,-1411055590,93503927,-333146739,860813844,379114255,573606046,-1325958191,-1243020381,3194991,-1217394225,391447971,3273774,58205733,103145323,-807117175,-493887036,111079,-490575430,-1276666629,110549828,792536868
0.19,152824269,3002386,96860,-1383211797,-518098920,-236396209,3208383,-1179159879,103910395,349827865,3446944,108285843,-891186736
0.17,-1655971053,1588692301,933923200,722408225,93508670,-2070963043,-1480249367,98716,99330,823466990,943439253,3105789,100413,1259072491,-1298293698,-1480760809,-1373119521,-1281671671,97441846,1583838680,1811581105,-1253346210,-1237460601,502611593,-2015987763,-1096981482,-1081307710,840416612,-1548707530,-1263072892,-995211718,3444122,-765505373,1086463900,3522445,-160710483,113743,3529140,109418720,1103431598,114251,114603,-965571132,3734,-231171556,-838392206,112217419,3625706,-782085264
-0.2,-1077775052,937207075,1182288338,538738084,-733902135,-1389024085,94011010,3035821,1428135029,-1397272293,-1335246402,-1326217028,97434231,3213448,1943391143,100433381,-1179159878,104983,50355338,102976443,125872491,1236635661,104256587,-1039690024,-1280080815,-1008621499,106437350,3462805,-966761342,-393139297,-934348968,-994287078,-1848755582,-823812830,112386354,1230441243
-0.1,630433015,-674853631,-1396219994,94832278,-930859336,631598701,-566933834,3079276,1550584101,1077788829,364269551,3117346,-1959779032,-1282148017,97791946,-1224586483,104422,102845591,106858757,-547571550,-938102371,3526552,-2097775628,109757585,-1807215796,-881112188,1125910511
0.18,-1911676639,-114599745,98260,866536837,883836656,-1289550924,-1106127505,-1292179757,530022616,-968778980,113008383,1349785232,119843
0.15,3046195,94746189,-1491142787,-435737481,97516878,293482223,-515120624,1268293622,107019,839250871,3384958,-1010136971,-979994550,3529469,-902286926,-1544919526,-868034268
0.16,-2000011213,93920784,823466996,1454543561,357555337,97793614,-1237458489,1938494204,698602587,-1081306052,-991726143,-121507005,-808719903,-909328325,3560141,-977343923
0.13,3003594,-1392832198,1432626128,95349693,1836945207,-1294007192,-623607733,1828919538,-1268876982,279998034,98619139,100291160,-1339995550,844740128,3417674,-966739084,-934521548,-1708550981,3500745,1316806720,-892081123,1090008984,113318802
0.14,2989066,2989341,3029737,94094974,-1412832805,-1095396721,-1911224770,-2122697333,17878207,-263893086,102151,286955919,3181277,3198432,100346066,-1179387371,833063978,-920230594,350281257,-547567842,1085265597,-906274970,1312628413,1075462826,1572055514,110625181
-0.8,1173376010,-343604697,607628749,3046192,-852049520,-1357712437,2039237695,651457464,1660481048,99651,3178594,3242771,102744716,1312630381,-387946396,408410112,-309012785,-847345143,3668,109761319,-1219769240,-1538277118,-996620166
-0.7,3204,-952207494,3344077,-897050771
-0.9,98282,100893702,-393940263,108523396,110363525
-0.01,1272352653,2989042,-688838890,-889102834,1185244739,-567770122,3148996,99617003,100346167,102236330,103164673,775634713,-279471320,-19802962,155762055
-0.4,-1618906185,96278371,3135069,-76231757,3211916,-595740936,1064423146,3411153,-500553888,-305590226,-1047249365,-979805852,1661030102,-938357364,1437916763,-1990113300,-261851592,869833253,108525962,-909685879,109642078,1951930576,-788638085,1355322681,113399775
-0.02,-1226589444,-1420240262,-1419257934,-369881650,203746576,668374678,3053931,-1495015618,246043532,98116820,-1247113986,98629247,681132076,3357649,110034,-995205722,3581,1164354150,107947501,-716504746,3526510,1379209310,109803310,3715023
-0.3,-1419320520,1813136377,3059095,801653243,-479985029,-1298752217,1687854338,3291136,835260333,-1081237823,-992842906,3522631,-906273929
-0.03,92787781,96586,3003834,405645640,97543,-503811438,-403412820,1836534917,-1298713976,-1293665460,101251,97604824,3184360,-1184259671,1240152004,-1318566021,106164901,973732265,1083684798,109400031,3540684
-0.6,2099153973,-356433189,-1215835892,52556810,572502941,871329292,-1132591479,-1546299383,-1019779949,1476851376,3588,1082596930,1097075900,1302823715,114009,236789832
-0.5,1285746437,1341065070,-1190550383,-905204136,2989997,372414488,-1796220845,151839501,1179989428,1185244870,93113560,-1500711525,-1396352730,93623024,235331633,3159,-1487597642,1296516636,1458181516,668929186,-1396849433,-951962571,1018264811,-700056886,950494384,-873666737,951530927,-395505247,1028554472,1952151455,1545035273,-1335339412,-907269733,1939520197,95547654,246043446,3105774,100743639,100574,-1600882582,96667762,-1505265727,3251,-1309056193,-612557761,-1281860764,-854819263,-1268788504,-2076166658,97692050,-1266285217,97711124,3291,98365445,77238659,-1684486407,-1519501531,-1025320947,1124382641,751470506,100595369,3267882,101304457,-48372216,-1109939049,3314449,102966056,3321850,349847969,107864,1971567014,841365970,313843397,-821617092,-1052682675,1996548666,104817593,767422430,-1979708346,-792933884,-995381136,-989452712,-566853830,-982670030,-309542241,-979797545,3452520,-1791517806,3492892,256686845,-934971229,-1638900410,-1348653004,-228897266,108528837,113096,3506395,1997965693,-906021636,109413649,1970083000,3535914,1748324468,109638089,-948915664,-747005344,-1860349465,783201284,-877333804,3565731,3565976,-332049480,3575610,-1764325378,66286602,1423616471,-838280297,111574433,112097585,3641717,3641981,117588,917264036
-0.04,2988994,-1419699195,1336604955,-1406703101,-885478841,-1354571749,561839141,424904731,-1274299970,-1496914075,-48372004,103666243,942033467,-1241412287,3442122,109201676,1984153269,2057914771,109789679,-1134366933,-823812845,1393530710
-0.16,739062847,99228,3143050,102105,3181587,1241404391,499325021,316232345,106426308,121098989,3526737,1791316033,29560797,1390497900,110339486,2141246174,3619413
-0.17,1655816997,-365522017,97719,2012982623,-1378177211,1448948131,-848170085,3059626,-1335730848,1229913583,-1580708258,-1757314449,1844969139,2124767295,3105794,-1306074900,-1935391973,-1309354103,97445748,-229944039,-691041417,104585032,110834,-318277445,-918561344,-1005160059,-1003761308,2124045603,1097547223,-934352947,1099829830,1385652420,109214154,-891064586,-849885666,342069036,-2098286016
-0.18,-793050291,93031046,94742904,-1603757456,1686617758,320499670,3202466,570402602,940776081,-798288898,108281933,-934624660,109770883
-0.19,1670539636,-1436269344,98619021,-861733480,-908807489,-979994565,-309518737,-2133278113,3529276,110727062
0.33,-1658366172,1064297116,-1197605014,1997450227,1260496309,97034,-234266516,-1383304148,94001819,-1400355777,3045983,-783669992,98492,94673395,-723445268,-427352489,951068996,-432354854,1542255100,-1335633477,-744899455,1793855977,3088960,95759637,95858532,-1310336393,1987113811,536675900,787407618,3138982,1620073279,3165055,-199026297,-5817526,3176928,-1224695509,211132711,252880772,100358090,1855181860,73049818,1959911198,100896832,105603,-820995291,102845963,3322092,938160637,103785528,3351634,1068502164,-618857213,108298,3494,1067478618,-1019789636,110259,529555928,-1601046543,1382682413,1869375325,-985752877,-985752863,415474731,1707117674,-894831240,-804783336,-948401185,1080652368,108401045,-2083370054,108873960,-903075839,-73377282,109451990,109548807,109795064,1757705898,110124236,110136729,-1726194350,-292298924,115678801,3744684
1.01,1064538126
0.34,3280,-1068502768,-930743994,-891207635,-1721943850
0.31,1185224616,97314,-222710633,-431709983,-1077115990,3266,3145593,90259644,-991808881,1090493483,115945
0.32,-899007473,-1421169596,1185244855,95457671,434211767,-85904877,65841591,1928999635,105008818,-1489585863,109973,-1267804749,3559906,-868027494
0.28,2989180,605620162,94094958,3065457,97196120,103315,99469088,-330553344,103659589,3347527,-1004463804,-934426595,-1867885268
0.29,93621297,94940391,1059375239,1557245244,100366,2043017103,-1091882748,99162450,357304895,-202622924,-597168842,-799233872,-1204765910,-1996407456,3678,115605
0.26,-631448035,1126940025,99828,-1965778112,881573877,3138864,747804969,-867867249,113681,109757182,110250375,119403
0.27,-711288647,1528950330,3056822,-1354818879,1542349558,95472323,-80681028,1706610451,-1291329255,466733563,3317596,107484,1728911401,3374295,-938133281,1081676587,-306987569,1970247117,-642192206,109627853,-1169223470,114595,110552841,111578632
0.24,-911343192,-339185956,3148,1702091886,-1580708220,3092207,3143230,805827841,-208525278,3215515,3327216,-908807474,106934911,-934918565,-905957840,1312635980
0.25,-1204854481,-1164222250,-847123750,-1844027078,-337045466,93832333,145300771,94623726,-1361224287,-1360151735,-1408963539,-582806933,-166722442,-743417636,98882,95468472,979228620,-1289163222,97187239,-1282158630,3143097,3151468,-1423054677,-1802596914,287739005,-1086438913,798171554,-681210700,-750626365,-1241605205,2093697278,-1148903883,3347787,104079552,-1068320061,-755899298,-1003851108,2018521742,106940336,1743324417,1165749981,-814452153,-934795532,472535355,1095696741,1100650276,-906335517,-906279820,1191572123,-899450258,-1998892262,-862428708,3619493,112210766,-788816619
-0.11,2989148,-1272816350,93922211,-1381030494,94756405,957831062,-1216167350,-1630368475,-1263170109,-711999985,-1256067030,-1407250527,338418514,349788387,839135365,-1081236472,1313467397,3381426,-982754077,-926053069,429846351,993558001,-671065699,1097546742,113762,-1854767153,-862431570,-612886764,632421529
-0.12,-1423461020,-1024445732,-1491142788,3059661,100363,100571,-1309368518,108848,-2000515510,129704914,106931267,1447404014,112147,-808572632,-934873754,-27327848,-645563993,-1679325940
-0.13,512916411,-865175257,95346201,1091196461,-115742593,706951208,3091764,-1237460524,-1314002088,3202587,503107969,101487109,-750784654,-1314090341,107235,3327206,-1068855134,1396771541,3377875,106160378,-309310695,-353319378,-891230953,3560117,1525164849
-0.14,-1161803523,-1503156489,-344373587,-25407024,3045982,-1257240475,1428133406,-1306084975,3208415,99467700,104090,1683336114,1333270002,108861,1662708815,106006350,106642994,-1003761774,-1684858151,-938456415,112668,983597686,-931102249,-344460952,-1360589380
-0.15,-1731151282,3108,93616049,-1357520532,-1741312354,1849966506,-1375584731,-224813765,-831794582,1614824360,1409815167,-1148906762,-1081516245,125872476,-765289749,108280125,-892499141,118167
-0.27,738943668,848184146,273089066,3135580,2100753238,-1106739894,975639300,111296,1625750950,1967828850
-0.28,-1419699188,93077894,-1396673594,480401905,3436767,-309474080,107362197,3492712,-938420744
-0.29,92611485,-718837711,184610729,1632323088,958484118,-1333014632,-613004664,305703192,1942574248,-1856560157,874513475,-1091276019,105650780,-500553564,1121781064,1131547531,1098352388,-934426579,109757306,-892481550,111433583,113107383,113126399
0.44,-1191476675,-1177318867,-1043751826,95934937,-1820761141,-677674796,-1266513893,-1242784755,-197464874,3327779,106540102,1099842588,109400042,113890,109776329
0.45,-1361214606,589025827,62364819,-1077555396,-1034714613,106437003,-979869901,347955347
0.42,150270863,379108260,637428622,1520979804,1023432413,723833468,-1289550475,102970646,1639129394,269294297,1080866479,1098475843,-1897185151,-1879142361,1123856741
0.43,93115365,-2102114367,96965648,-1618432869,891921848,-976812331,546894160,-1842256129,658336826,-736810980,109757152,-891207761,-881348658,110323432,543488314
1.11,87319377
0.41,-602416169,3138989,-1221262756,1702081131,-1096862286,830084869,104585017,86339912,-925697615,112887937
0.39,-1434519827,-1629776180,-242327420,-1331586071,-1995760314,-977423767,-1366299643,-1067075179
1.08,1901043637
0.37,975786506,2994126,-1405038154,2038877482,109210284,115925,111433423,3773
0.38,-1035284522,-541203492,3089092,3166966,98347461,3208448,3297821,-678828191,-621369704,1141429936,949122676,113853,-613887565
0.35,94431515,1432421485,-612557553,98615255,-227385682,-1102508611,-733628939,-576566982
1.03,-909413638
0.36,-879988195,575402001,1841730422,97619233,-792929080,1091406727,1987365622
-0.21,93616297,97533,-1364057920,3075824,96463963,-1603157330,500006792,-1378308297,-976887139,3327647,-1078030475,-1621487904,-944810854,-1695455379,651215103,-747875213,1055868832,-1219769254
-0.22,3002509,3016401,3019702,1915287679,3059460,-232195000,1230533073,653829648,-1281313977,976884910
-0.23,554360568,3076010,3135268,-771814909,-306623197,627704984,-1826660246,1753018553,112676,1082290915,1388783564,-2135257352
-0.24,-2092035537,-1402931637,-1352291591,3076014,-1291864670,-751104785,-1081724788,1391889258,104080000,106934601,978111542,108285963,109327119
-0.25,96582,3116,-889226738,92967993,-2095817266,152824231,3150,98258,473168453,-808206963,449181301,-1693720231,-1354466271,161787033,-1090974744,-1928898497,496271375,-1289044198,97325637,286948469,795847812,1612537220,-1968626596,-358849942,-1616620449,-1106739879,1139208973,1225089881,1963697975,-1065084560,109290,-1249474914,3440673,-988477312,-979797560,975065176,108278378,-938133405,1097184259,1847674614,-335770198,1971820138,3526614,3533108,-894674659,109757398,3540994,-1429363305,114832,-865698022,112895869,3649235,117724
-0.26,-1422950896,1559690845,-2080897869,106956,-1068259250,-1322584522,3526482,-892482061
0.55,961218153,2174403,-1091560355,1698200208,-1857640538,110331122
0.56,-1474995297,552000556,99371,-1710338039,385686720,-1548812293,-73676213,-1983070683,3530173
1.24,-602412325
1.21,738909086,-1881890573
0.53,-2029048995,99687,3510,106762162,-938279477
1.22,-1414874087,-1451200989
0.54,-248873159,2030463201,-2122862140
0.51,1237882082,-412825248
0.52,3104,-1352158013,565719004,1477689398,1264255574,-1253346196,106914,-309425489
1.18,93912492
1.19,-934576860
0.48,93111524,181975684,1491946873,3552294,3649559
-1.83,93921962,-17124067,-1298279269
0.49,64934786,-1281977283,3154575
1.17,1225248278,-1498085729,-1357520518,-1592079590,-802737311,101196,97618991,1243452014,-1062804763,1876018584
1.14,-1141400650,-1293200825,951526432,394822875
0.46,-864330622,-1335323829,1793859685,-1289167206,-1184809658,109201670
0.47,-2137146394,-1912118640,245420141,-319748946,-1693720665,915484836,105008833,-1897252406
-1.87,-139919088,-1600030548
-1.86,180047343
1.34,-1172895151
0.66,-1077769574
0.67,2003436019,-1419603894,2996766,-1875343503,92929327,-707561701,344200471,93223254,-1924829944,1523007888,531959920,1135483204,1883491145,-580128333,-503807607,-1895276634,-1714544941,-1353885305,3083126,885905017,-681202742,-677424794,-1245575282,-1211484089,1926038351,104414,-1010022050,100345595,-1183762804,101308983,-738120704,-1413668985,-1099531333,2129108673,-1010579351,-2108114528,-792039641,1449826522,1097400469,-934396624,108707591,-909715665,221114455,1987346241,-902569394,1080543485,466165515,3649482,-569455607
0.64,-1120892669,100462704,-1109881165,-903144356,112202875
0.65,-750117184,-1396345879,2093142155,219120190
1.33,-1924829929,950074687,323026599,94935104,568196156,-1974921939,1898765967,204169482,1636998315,-1785494376,-1224414458,3324,-822556295,99747824,1395483623,-1800877663,-41668472,3321579,-7728348,107946,3351803,2122893532,-1979713632,-678739246,758264126,-1910298053,-1051843807,-1782234803,-45093671,-1709295008,113758,109608582,3536714,110545371,1270488759,111105882,116949,112903913,113007229
0.62,3536084,2036775254,341203229,-852627842
0.63,92600890,-962590849,-264856141,-1713710573,1064901855,-938420729,-1897311982,1752522264,-887328209,-428617406
0.61,-1083358075,62361111,-1096968431,313843601,-2134659376
1.29,100374,-1733666534,-1184229805
0.59,92645553,109770997
1.27,-441950736
3.0,-1205030336,-1017666768,2988943,-1190549876,-872869757,2989190,817072158,1173046284,92734099,96526,1767875043,-903104263,2068539648,2997593,-864330637,-1413235345,2998679,-103417803,-373213437,-1407258875,356593425,-1621941147,-1402281032,-1396491950,-338632199,-337049174,-1396230558,97316,-1393030433,-119934608,97676,-1383716416,-188231483,93924644,69974156,-31751279,1822015564,246308101,94011453,94425588,1099777681,94431106,271745573,94639767,-716073608,3059428,950394699,-358554534,157624742,-893690049,-1202634133,264081501,1155670062,-1354577971,1697671789,1822857888,387160975,-1351809835,1514168072,1436859258,-604420444,-1339330710,-1339126929,1541108642,1479603675,629029364,95462258,-1014417885,819322245,828635296,-26421818,95529533,1626267089,-354398195,-1331696526,1649273676,1131863725,1847016920,1912900430,95852410,3095057,929633029,95951533,99918,1083941600,-4379081,6585990,-1679658517,-500773763,267476507,-297858219,96739297,100692,97308309,-1800682296,-678570486,1744737247,97532676,97618748,-1537739477,97705870,3278,97783378,-517696916,101828,101905,3165135,-1567718737,-1253024261,-184623149,-6308722,-1246161454,102477,2067912729,102720,-1115058732,1490892975,-1217065295,2125542716,-272024700,-1211425453,1386657762,-135762164,-1413384283,-1183788580,2047851034,555127957,-154084160,-1167639878,100898507,-1249482096,-751104779,106191,3314063,1424556307,-1106355917,-1650299441,3451,170546467,-1102877155,1187610292,-1102672091,-1097461934,3327903,-1091492782,823505247,3343799,-1081573226,3343822,103660666,-1969347645,103666191,107876,103674123,-576930994,-1074103359,-950211225,-1359067490,1240323198,-1068312930,599680539,640419557,104262560,1412456019,-1052980620,-1052669861,-1109522818,-1048839194,319126361,3386882,3392117,-1972377732,1312828506,60675703,66125937,813778994,-2038159312,3432994,110788,328470245,853201440,-475423328,-406250083,-381615798,-982571729,-2023617739,-1276254017,-722795903,1904873697,-938565969,973536797,235284555,-938283306,112682,1021504150,600573706,1082375261,1083458281,1090713847,3496704,1092462456,-427039519,113623,109195909,-1560208995,1980376057,1379209295,-905768833,2053738517,2054220687,-743425700,109400244,-1261188430,-2107900738,328518606,-896730180,-2008522753,109651889,1419679687,-2069868345,1742303936,109804094,114285,-881086228,-1539852395,3552581,3552666,-1427093422,-1181248900,-950549455,-1134696024,-867759874,135961462,-264417654,1199918000,-1914236951,-1741052339,1253401931,-1760677235,625215307,-1717054945,1762605827,-282460096,-838350440,-1036761144,1386475847,112217170,466743410,-816205341,-402233441,3715118,3720389,-507974586,3734928
0.57,-1137578929,-1024445391,94422856,-1335075526,96769336,-1358878811,3387378,-694699502
1.25,-808630229,-1434516119,-1965768527,94110131,-294592925,-1797796855,3183,1558986588,1711556864,884947250,696494871,104021,-1097128919,103157172,-392125465,-608539730,-799130610,3496916,-261190153,1550783935,-891050150
0.58,-1057361851,-1228877251,150869437,2090909922,699491040,109314299,1973722931,-312182924
-2.67,96850,844468266,-1850213293,-1247119758,1657793698,103656681
2.14,-1897995709
0.77,-921943398
0.78,-1357946953,95349682,-1148867251,109435478,514841930
0.75,92600394,-905204174,-1987246719,3004697,93616669,-1765638637,98412,-649053489,-410557331,1923312055,-918548948,1375970320,-1323526104,-1964619708,-1293092256,2056323544,100913,787407493,3227383,-1435062022,1945339648,-1132605209,835260334,-1883283526,-787041790,-156317877,207960636,-338706825,3451245,-976940010,-550690147,3522289,-907987547,-1504353500,-892483503,109922532,112903375
1.43,106437065,3522941,-1083300317
1.44,185106769,1280882667
0.76,-690717240
0.73,-1422950650,-1315380732,-1800037122,3237197,-1178483731
1.42,-1293200826,481140672
0.74,97440245,424992898
0.71,1999332513,3426,3541773,-1551367836,3642105
0.72,-87499647,3645871
0.68,-210452739,-1959031890
-2.75,-147926262
0.69,601485940,50511102,-1934583486,1879773627,627704660,3239243
-2.78,102133
2.25,-1392861974,357420055,-1887957850,3496761,110327241
0.88,3321596
0.89,-1792383968,305703154,108292,-909685607,-1334761895
1.57,1097373762
0.86,3212,-1293695138,99151942,-435744667,-1132179248,-309211200,73828649,-2113150399,-1636532406,110130955
0.87,-1361636432
0.84,-909893970
1.53,106093
0.85,-827174742
0.82,-752730191,104069929,-475423343,3533960
0.83,-1827029108,-1131323456,2119382722,97734,-209914023,951351530,1389669672,96505999,-1078244372,3143256,3321884,1069449612,-361295720,109251,1379043793,106557964,1095692943,-934416123,108873974,109250890,3530753,-791825491
2.0,96365,92610119,-1350348139,-1423942087,-1931542663,-2131707655,1776649612,-231003683,-1579923589,-1062713022,1632297084,-1421975479,-1131443470,-1131323766,-1130477326,2991114,1836228930,-1417618307,-911656478,-2004999107,-1414277312,-1414166269,2998121,-1024445856,2998687,92961185,-1413067854,-1059095569,93014516,1959548722,93029210,-122001780,834525767,100499258,3000946,93082282,-1409161899,-715054972,-1408523807,3003609,-707994692,-358625175,3004436,-1407259064,-1016681533,2118680494,93497833,93508665,-1396087480,3136,-234326098,3019794,-762503402,-1392653659,-219106623,3020290,-1389016026,1612174509,-1383715584,93911452,-1383686358,3029448,67244487,97735,1272581461,93998218,94001407,94005254,1414412764,229698636,-1378023483,-1377832228,239231632,3045833,-1367726120,-754802984,94429189,-1367570670,94478629,3049176,1952399767,98398,3052365,1439635750,-1357935714,473168661,-1495031940,1019218085,950483747,950484242,510493065,-581632081,-1495673709,-1995959903,-189786244,2042876028,-2100030373,-1354729506,957830638,-1354575548,94921328,-809606620,-882911811,-1351991419,396817683,-1349088399,-1581063622,1127932706,3075766,1499030761,99299,3079404,-370814066,-1335395414,-1335384858,-1219557132,-1335332633,-900931593,1661637988,1721606723,-1522037120,1109222123,99433,-1178776042,-981264023,3083592,1086888631,3083669,-1711811852,273089035,1131863971,2080913292,99471,360994184,1674214334,1136635974,885899190,95769221,-2050297182,1428057652,1920072250,95946709,100242,3110989,-1303281223,964001143,181166952,3116756,-1623900023,3117351,-1609594033,283300924,2143000587,-1376511864,1937372451,275696583,539521419,816134919,-678479476,-1309162249,97187254,97187715,-1091855772,97192297,3135575,-1782210575,97207115,97316489,-963961634,3139529,-874957358,-681255906,-853173367,3143222,-408744598,1744737227,97526364,1844002538,-1268788519,467213628,2030269294,567722102,-1537208940,1260402071,3151786,-517694315,-1263423124,-511411072,-1198142622,-1946454774,319535984,1879025464,-5894424,-1247108475,-863339454,-1245694290,-971634936,3178259,2104733148,-1689084351,373262521,-1224610414,692216183,-1224576751,99047136,99050627,3195922,-1102214209,3198782,99162363,99164424,-1220763577,915501581,284665566,1095483073,2072191153,699648876,3214351,3227396,3231104,1925606381,1925741913,-1598466591,-1496466964,-308498710,546338332,-712000294,-1183796826,1957247896,-831363947,1957458650,1137150206,36682271,-538695303,1156347310,-1699876345,100361436,-1598539174,-2130577931,1958434127,-1820856077,1960030858,104612,100880376,100884096,-1167156033,105112,105412,-1154239857,-397914486,-1149144004,3417,1834771429,102053717,106893,-1190760525,102732534,-1616799250,-1109927521,-43381841,50716538,170714870,3321964,107248,3327765,-1096907851,357006176,107454,3464,-1552779387,825312327,-1081686183,-101744132,103658737,3343889,-1081434952,838953570,3344069,3344116,-2038319989,-1078121871,103773452,-1211846041,953767651,-1077561780,103787791,103787801,-1074038704,779228983,1862810568,108120,-2013056327,104069936,1234547415,1240276932,104083814,-571336623,108330,322575627,1407960981,1473425328,1527542079,104576382,1718660442,108859,104695416,-1049368302,1830828450,104704426,-1048865311,505911906,3385454,1376306197,109297,-389535362,-1664901180,1138284882,1687874001,3408565,-1410029592,3551,-1280080195,-99413792,-1010250270,-79017120,-280361745,-101206569,3419570,-1008619738,-1007009332,110375,-1005538892,-1106507950,-1733229485,-542650705,-1749261181,530056609,1171402247,1311094869,433919643,668488878,3437350,-989452727,-1773387437,-866279567,1671674269,-569687415,714319193,-494219260,1040818580,1869371617,-1638368665,547400545,3446719,-397904957,-394959324,3446913,-982480788,-391235450,756705669,-982421076,-376210672,1589369002,-980096906,-979972462,756050958,-47674275,-989446252,-308983671,-1797209152,-832453028,1447404028,3452485,3600,111714,107360643,107475400,651214669,3492561,968810586,-980926617,3492654,108280046,426520454,1080771328,-934948419,209136156,108388667,892123208,-1559166739,-780218565,3496468,-934733149,-1288969721,-554436100,-439770579,693933934,416194027,-347120569,327209118,-934348552,1099966075,3500357,-1429658758,3504040,-542696465,1620863956,109201541,1863625113,-909670499,1917454054,-907769293,1586494356,884293783,-905837192,109399814,-903566109,-903562391,2057924629,-356615680,2067098215,2067161865,2067243291,-903068151,-254226217,113860,311718215,-1427350696,485665033,-1291770361,109441792,109552438,109618625,-2029762668,185342424,-896505768,-871778974,722286216,-1836117863,916328534,3537154,-1998712865,-1897403977,-892489728,1415146767,1429357118,1431084996,3540700,-1884266146,1795250180,-1879142376,-1868064045,530040176,-704534931,946166054,192719048,-1853231955,-1574051152,62606335,-859279517,110121352,-53719269,-1543669319,-1542418539,3552798,-1308815837,-1308815822,-1002693654,1054031770,-873960694,3560296,110533808,-868398766,3566071,-867891579,3568426,1268946097,-64015453,-1059618874,-1059521799,-865287327,-1048439561,637016413,290603125,111433155,-286515501,116008,111499426,1769520603,111545426,-622356972,351608024,205549443,352527613,112200956,460320839,1386475967,463141659,3641764,117480,-1795678704,545151501,-736186929,1224041834,-511022874,1563126096,1240061266,2009059624,-788048992,-787742657,-1680169808,113453001,3701505,119930,115662585,115782865
-2.83,3315919
2.2,751720178,108399706
0.79,1091761859,-1068380732
2.4,2030459493,-730553415
2.5,-1392713311,1965271699,239019456,-410557369,567390720,-1335723160,-516183474,480081308,100890948,3267851,108879,-587971563,3492754,-719005324,2131544101,-880679884,-1918580988,3569038,-1771105497,-601868791
2.6,-793145663,-503567600
0.91,-454542870,127033974,-903566114
0.92,-219784568,-897101588
1.67,961208615,353949910,-1408297896,-1731259873,1040831040,94852023,-1307898054,3117739,104119,1926037870,407978242,-1183789060,102043373,-1081422345,-1004037704,-1249476625,1454813696,-1282081540,108280263,3522318,-1715965556,1978320093,109399969,-898533970,-2035981412,1302809999,114210,185106784,-1742422745,-874952444,1929598316,110777640,-385339870,-1984141450,119522
0.97,102846042
2.33,3111,834525782,-1722576139,952119324,93922024,-1482858108,-166730117,955164778,94851343,1920363851,-1300557247,-1491924516,3135104,101163,317061631,-1643857985,3359,104262,-1184173101,3254574,106179,3292055,840861988,-1074026988,1684715624,-35485970,66305830,-989220990,-318720807,1161234537,1638533572,-938133529,1080410128,997290243,3496432,-27333756,1298475724,-903570795,-1811729434,-1183781617,-892487589,1981847014,606732174,114753,114991,110640747,760938628
0.98,109413654
1.63,-1737501796,101393,147816278
0.95,3432979,-17500273,-795438479
2.31,113995
1.64,112902938
0.93,3240,-1194823603
0.94,102195
-0.71,93166555,1991259847,3277,-46292327,840097045,443164224,113114
2.28,3194945
-0.72,1874684019,-288446843,110541926
-0.73,1670592108,-8339209,600573751
-2.11,3035410
-0.74,104574578
-0.75,-1413116420,-661250630,-1396339630,-755623980,-1361632588,-1360151468,-579210487,95468255,-1522037135,3105752,1740277652,61669422,-2046883457,97439982,-70023844,104265,-1102697448,840408272,-1068531200,-807062458,-619475709,1755555605,108386723,-2106713641,983697333,-7649801,-907689876,3526264,218164539,-1663305267
-1.42,-1050632438
-1.45,3127582
-0.76,106433028
-0.77,-1556939260
-1.44,103453862,953979601
-0.78,107363,110244295
-0.79,-906121128,-342385891,-256088940,3314342
-2.14,-234430262
-2.17,93206901,-1564714945,-1077615828
1.71,-896192467,-1541852100
1.78,430005698,115579577,-1319358677
2.43,1745065940,-1077621703,-1247940452
1.75,1594360095,3135,93508125,-1720785339,50832895,-1806252484,97618625,-1526279474,3198448,3436898,-1663305268,-1420277993
1.0,96328,-1424404861,1775713380,-781736779,-778769105,1822102478,-771579248,1329830520,-1192525180,-1423898323,2037146517,1180272348,-267299750,-1423461112,-1226602910,-2117769766,1589023266,-1755749288,3917154,-530574907,-1423445658,-1177142338,1456421314,1272352861,-1163783414,-1163472445,92657348,2988948,92661825,2989179,2989181,-1142048060,-652229939,2989495,-1421971500,-1421968136,-1131323780,-1131323765,1962141355,10585416,-1421885987,96479,2990947,-1089089334,608472705,-1419699215,-1419698674,2991956,1147132932,-2092180513,92786941,490758718,-674122244,2994298,-1417439561,2994721,-920880655,1719592637,1742812884,85425819,369993124,-1340052645,-1414855228,92909838,-140902918,2997591,-892558243,1260797137,92926179,2997706,2997721,270671955,2997841,92933300,-1413862040,92939837,-135164842,-1022764682,-862592328,92960989,92963145,2998948,-30690553,1276359640,92972178,92973574,3000465,96792,-799961916,96801,1796717668,1554253136,-1925418267,512916373,-1383031092,1186311008,-791483102,-123997650,93074133,93075252,3002638,-1055867917,93090393,-1285572140,3122,3003364,93111147,-1408442679,-373213422,1418574995,-369518392,1936839957,-2012808312,-704300547,-703555651,3123,1897390825,-354432263,177495911,405645655,96947,-1338201360,-1585974240,-1500718252,-1406316010,1899947495,1899947510,93244140,3009239,3010469,-348193405,-343637184,-1396493866,93499352,3016166,-1896007754,-1396332553,-1396228369,-1396196922,93508869,-1689201074,-331239923,-329038680,-327162406,97315,-234774191,-234767185,93610815,-1393029957,-1753180783,97409,3019824,-1392839637,-1392711257,3020038,3020166,-1392535652,-218626508,93627839,3140,3021219,83776051,-1389170092,890253810,93740364,1933108737,-107053379,-1388811322,97549,3146,93818879,-1619488826,-21437972,-1386164858,-1685177009,-476844907,54509177,3029637,-1383482894,62032842,64686169,3029739,64745751,3029746,-2109606044,-1383150120,-25376005,-1381018772,-1380923823,77343363,-1380923564,-366746394,144850585,1356669271,150569914,-306024060,-1378203174,226179534,94097546,3035411,233720459,-1377881982,1225248154,240415592,3045757,94419574,94422846,548373068,-1138529858,-1138529843,-934682935,548637256,549364206,-1569781573,-1765641631,-1765638420,1099783928,1496920,3046175,557161190,94444831,98290,98350,-1364288858,-2041009468,665239230,3049926,668899386,-1404143185,394850748,-710081875,1428135153,1435076906,738943682,1564195625,-1361628921,1535196759,1536898522,-1361527701,-1361513063,746330349,1748593056,1748593366,3174,-846336256,98509,853581844,-1357938380,-281470445,-135649088,-8802733,94746185,790188281,860850315,94755854,866552379,94761597,98629,98635,3058186,939509057,-1355166563,-1355031304,-1729114654,473168415,-1354842676,-1495030994,787244855,-602415628,-1486088403,1134723416,-601933671,-599528289,-545407892,-1403061077,-609631931,-1718716420,-599441813,957557624,-599342830,1431984486,-1397272308,-2069020622,-599163109,48734730,-580047918,-572873527,241232035,951500826,1953438045,353456250,-567949828,-1846456244,-190376483,-1588406602,-1354779256,-567445985,-420762628,-625952327,-403427916,-2123426416,1202341388,-349730414,-2141212997,3059528,3059533,1871919596,-2100030411,-2100024509,3059624,-458238145,-1354599733,-1651301788,98699,-1352411655,1025385094,94924930,1028554487,1028633754,-1352158137,-883156628,94935059,1038324974,98818,98846,94994655,1637828851,95027439,-1349116587,1016164405,-1339343857,99217,-1909540240,99271,99284,1540498810,511109982,3079278,95457908,-649261111,3079337,-1335659813,-1335656811,-1335656583,-1393878029,1545035288,-1014422019,99334,1546218279,1550346610,823391614,1077788562,1551261576,-959783003,1552629942,-26291401,1556125213,1556926254,1020073733,1557034613,3079833,-1335236533,-1468485090,-1041657885,-1335157162,-1333015018,95546995,99439,-243363325,-1547904089,3083236,1113186725,-1331909402,1664863338,1127450568,-177721437,-174831182,-144401535,273184745,159466665,241444770,288961422,-1331466442,-1692767123,99621,1828885300,1587405498,1838601994,3089326,-1325887295,-1267792910,1427818632,1109449186,2039141159,1320186427,95779384,95844769,-839042326,95844909,-1323526103,-1323347357,1852471633,95936131,-1320507338,1443277310,-129172779,1336579117,694469378,3105770,-1310311125,-1309750234,-1945227245,-1307828183,-244307501,-1307428965,3110575,3111368,3111425,100414,3113303,96593253,-17132519,-14000040,-141398,-4373179,-27531,1272479327,-138724786,96597651,159122487,-1655386644,385607836,96620249,-1408481449,2113762799,1893974369,-1885963379,1763198141,-2119720581,-2102177322,-482138066,-1840994893,-1784842099,1631916224,3118982,100632,3244,1012922271,-1294635157,-1294023002,-1294015374,3123068,-1449733680,-1963700378,-1431154722,-1377991167,-236803280,844423351,-1380056955,278139526,1004115603,382967383,-1322977439,1937372466,1553479344,96949051,-1319569547,1949248695,2133869562,-2004707258,-1289357763,-1938946407,-625622105,-1926036639,422410158,228606684,-1795452264,496271613,-1305289599,751558631,1213652336,97192313,97193474,-1083818997,-1281854725,-1281719079,928712506,97203511,-1281642014,-1075775365,-1785494356,-1281586607,1050887856,3137470,-290659282,253982531,-1278193946,-854782081,-1852097854,692649649,-1274144851,1614467975,41666398,-775599807,97517456,97520721,101512,394788073,-633906311,-677664778,-1268779025,1238801213,474072508,-1268779017,-1268742377,-676307908,97621487,-83324384,-674640991,560966308,560970016,-1653751294,-248492491,-607248662,3151353,419519770,579843043,101701,101759,2055261131,-140572773,511783076,174019390,1510793935,-503613610,3164856,3165170,1635286902,-1252995430,3166716,-91774989,98240503,-1249511296,-1249497167,-1249469473,-2101454042,-175365656,34628224,3175368,-1243020245,3175958,-954338065,279920309,97845420,99217734,-1237774227,3181279,316428766,-2007578005,1611107594,-188629368,-1234885400,98719535,3184547,-4280617,3194686,-1224815065,3194873,-1224666117,99043162,99044291,99044539,3194988,3195012,118343169,99048842,696768774,3195156,-1224414126,701521833,703517980,795560327,3198446,99151926,-1221255537,680132180,-789297830,-1217487446,3202625,-1217233432,148218785,99283166,99287039,-718465248,-1211943432,1091905624,-1211697348,-447440072,-1211637431,3208508,99467015,-285079390,1034300383,3213995,103793,-1202757124,-1309149852,947047445,1373580873,1404101579,104022,104075,104088,1368669526,100085599,104166,104181,100293205,100313435,104387,1925939368,-1184795739,908332874,252880787,-750626403,-1184253736,-712000309,-1332363625,-597168596,-164533413,173173268,-750014672,1945611038,-206409263,-1686671282,1946980603,100352773,1225079885,551676106,-77905641,1957569947,-1183766740,-966942115,680241632,797998783,499320887,-1183762788,499354604,-849140594,-1314817649,-1591142134,-1586399309,1261935412,-1758036661,-1183699191,1960202429,-1949778021,-1736101318,104461,104462,2058918983,100470453,3241160,104571,3242157,-1178781138,100522147,100889194,105018,100999534,105113,101124332,-1363113414,-1269657767,-1419464905,-1419464768,105539,105550,101478167,-1149144019,-1263721964,-1148848139,-1148843863,1838536479,3404,101608309,-1138712360,-935992531,101819392,101827080,3286545,101945150,3420,28487846,-1132605085,-750639079,-1131623067,3291791,1834759339,102149817,102233930,3298751,3300561,3433,102398956,-1959244137,-1859575919,1143672500,-1110298370,-1110266764,102738096,1418830917,462703800,-1613589672,1518327835,-47057524,-46576386,-45718157,3446,106972,107002,102846135,-1106736996,50895284,3317767,102851257,3317793,702187134,68378893,2119745825,-1106131286,102966349,991970060,-1102667855,-1102567108,1364817721,180158135,3322050,1027471786,3456,-1099852423,-1817706175,3333356,-1091608439,3333500,3333534,-1596784848,-2111854068,3337260,107856,830084683,1381066361,103658304,833430461,-1800341441,573997924,103662530,835804569,140137968,-479169343,-920234302,238173334,103666426,-1081294650,273214276,103668165,841407836,955977711,843907707,417129164,1429175433,845443361,3477,107884,3344984,1716408686,107957,103769360,938321246,1942455991,3347511,-1077789449,950345194,3347807,1515679659,953544447,953651957,-499867075,954925063,-863407540,-1641895763,103891499,103898749,1342117123,3351579,1836140743,-1074043791,103901296,-1236171618,-1073880406,1069449510,1069449574,-1187479204,1167323432,104024694,-1070201682,-1068855128,-1068799164,252207703,104073650,-1068553712,1236319578,104083684,-1068318794,104085773,-123790707,457455494,104087234,-1068237393,3358226,108423,3362264,104248987,1406326202,1262089803,256852602,-1564061860,-1062993371,-1108065156,807834575,1412593825,954893312,104305418,108614,1763470759,1726972792,1727439560,-1382478145,3373986,-1052513671,108877,108878,104637156,2145403306,-1049482553,-1049376843,-1099531295,104699625,-1048931054,1842875950,1380879438,1848063246,3381085,179792893,-1045497281,104824775,-1045343206,-8770429,1385193794,-1600775868,-1255053136,443261570,443801652,526445166,1272354024,105010748,-1034198794,-1995346305,105514443,-1659648748,-1657679178,-765293059,-1015305549,-1393805001,105854782,-1307686418,-1027780270,-1259490430,-1249486856,-1010137338,-1249477246,1843457760,-79080948,-814502813,978518234,1377351588,1731793769,-1007934554,57076464,-1385826468,1218689179,-764569966,-759327169,-1838246898,-1823029745,530022735,530115961,948501568,3424406,-1003854816,3433178,106433154,299119261,1171161099,1954759737,106436864,-995424086,92167335,767422259,-1979708331,-995409728,106437344,110755,1235842574,-76706831,3433544,-786606195,110817,-690482368,-992056076,106550402,428094233,-678838259,471465562,-517618225,3437302,461580747,-258048631,1735129834,-968051567,-1453595401,-1453512741,-989034367,-989077289,-578021343,106660978,-988410599,3440946,-434214934,-2073597306,-985774004,106748508,-985763433,1869554071,-493563858,-490497589,-475447352,-400605649,-982749752,-377302209,111183,-619465542,1979857844,-982397081,858565208,111216,-621369835,111267,-1151065973,-1291323786,1638282675,-318665069,-980110832,1989861112,-1624252268,1891743170,-147926224,-318184504,-1812041348,106934957,-1166325227,978350402,-1161707624,-1584538032,-979972447,-1095204141,408818804,-211518849,422194963,1023856850,1131547285,663275198,-309314540,-995792215,-799212419,994220080,-626966425,106940956,111309,1447404029,107027150,-1791517807,-976953723,3452740,111946,112317,1193363159,108268658,-969513936,3492622,3492658,3492761,-55134913,108276316,3492840,-632642262,108282108,3493026,1842622773,426520469,108290648,108364912,108386687,-867159056,232340556,3496356,723019166,844513655,1081843755,-808881069,705896351,-934912774,929080011,765365258,1569481621,634853612,930966148,-799113329,-806101020,1346218039,-719001622,-652235292,-564570950,-697646562,-113335472,-628261912,309755160,-547609537,1091198178,1091406712,-518602638,790581397,-934610812,1091905077,-934576730,1092892557,-671065907,-13973991,37119731,-393257020,-393139282,697587938,697617913,-382661232,108404047,-1960100876,-633580755,-926952660,1097506319,-1858379026,-337042364,888085718,-336625770,-1845460021,1098079903,1098118057,-2058794369,1485940943,671253868,-239580146,1196889079,3500387,108516489,3500648,-930573245,113092,1366708796,108684627,3505961,1368757279,108695229,-925408804,-241022083,108698360,108698577,108699058,-1610311790,3649,-919834586,802317473,1550780227,3653,3515572,109192174,109199612,109201546,109202526,1864941562,-1916594822,1914831207,3522909,-909331827,3524226,1914647507,1918081636,1341032489,-487935582,-907766751,-414970978,109270117,-597195676,526515291,1970279388,-1457628186,1975961087,-906014849,1224205218,3526536,1979950761,1980078147,-905948230,493807791,-905768629,1985943673,-905693899,-903577877,2053916409,-748478241,-903565858,66485318,109403455,-903459084,109403690,109403696,2057749593,-629341676,-525351904,109413437,-342502653,-2027647536,1223652650,-337930920,708926122,-903056828,-902859618,-61092791,3529985,3530071,109432316,-1305639284,-902467928,1073334330,2088265419,-902311155,3530377,109441797,113884,3530563,-2126200100,109526418,-1443463640,-600752500,109556739,-2079458764,3535757,109609215,3536085,-896786142,1480388131,-2030063300,364847300,114084,109638249,-2011710186,-471147624,482411826,-871779454,682815883,-2132879654,292865411,-895939599,109648666,-895760513,3537338,-1660684566,109657594,-895581767,1698162767,109757034,1305307394,-892494554,-892487888,2037009831,-892485687,-1897184643,1316901887,-2070153693,1419257969,-1893677611,1352771365,109761491,-892360965,114214,109764840,534252491,87319812,170385743,-315615134,-1194049676,-345974071,-189275334,-542423082,-1879142051,109780401,-1875209526,-1868048592,-1867791525,-891529713,-1163073803,-1867170238,-2047702415,-891484533,-2018140840,-1863356540,1197722078,-891320738,-891243783,3541919,-1724348854,109801339,1421882332,-1074521583,-711993159,-613890406,-1853197835,-1577621577,109846848,-1808030821,109850352,-85276958,-1754050087,1940796500,-881377691,-1552904499,-1552004522,114586,-1548283250,-881168845,-881158712,114589,-1543695434,-556365256,469466544,-880956788,114596,110131075,3552645,110132375,-880863556,110132395,110135940,-275280342,110137689,3555210,-1439277979,110236016,3556266,-877317077,-1609819723,3556498,-1002647895,995545272,-1349551293,-1907733974,1224578480,-874702362,1400177950,-1558465889,-874438758,-323914198,-874340832,-1319358905,-1775308741,-1319358901,3560110,110365509,1619317326,-873453285,114958,1833635498,-1879481240,-1198694847,115026,3565958,110546244,-819528637,795080652,-1840437298,-1067395286,-865716088,-865715314,757551228,-2137707097,-80158151,1052657128,-1856477962,1052832078,-109592092,897612559,1268939788,110624917,1394955557,-865586570,-648752041,1507863485,110629009,-865286608,1687654748,119231471,115139,115142,-232890426,-970454396,123749508,3571829,3724,115698,115761,-364657029,1751920364,1454253122,-293821595,477156158,431422905,1127149581,-1026719633,-286932590,1851321952,-409534901,1555582892,-1347303519,-1279574849,666711936,170087031,-274956376,-1563465213,2130787906,-220333368,-838369886,-216885316,-174288055,3599259,111577170,-835807763,3599755,-114978503,1174845194,-114978286,-1166749068,111972240,111972348,2051503183,3612236,-2088739695,347472939,-2112177400,-1047087463,-820059164,-819912138,3762,454237981,112212413,1308464600,-816246395,738719791,-816227192,467439090,624428235,-2126906486,-1869556714,-810660181,-810656473,3772,-795339362,112891793,1116313165,1118612961,1118815609,1120554097,-795125073,1120930770,112902364,112902480,-794976946,1967319457,-794957955,985657119,-736446848,-730112679,-791592329,-428617391,3645680,-191688638,113097447,-1684212218,-787736891,-140994203,3655313,3655341,3655434,-782085250,1525161141,-782084319,-908346766,-895592605,-781987228,-1405848319,-631624814,1603019031,-737718643,-725144634,3715075,-1020324021,3865,-709338511,-709237612,1328108733,-507968820,-708983299,115677496,3735208,1589827111
1.1,-730488839
1.2,97344,94627080,1550348642,-1331635036,100241,1189352828,-1322970774,1958059306,-1077557750,-2139804953
-0.82,-209259412
-0.83,-1731151267,1936839942,-1208141321,95458880,106940924,-808719888,-934326481,-892381166,537540007,3641585,-791592328
1.3,78794961
1.4,554192699,-751019108,-751018976,102984967,104085621,3506301,-1059521923
-1.51,-1197189282
1.5,-2146436861,-690445313,2993124,-879122732,96749,-661250306,348177273,-108220795,93826904,3035595,3046207,853163209,1168515999,-873666216,-1354776856,957829685,-1854383121,-265895381,1542016787,95467907,816171903,408716727,3079692,1554151303,706951170,1912530322,-1965718262,1558986526,-1851301433,923892684,100568,283661376,1841730437,-1592398859,-2045428618,858523414,-414741552,-1271636505,52566138,-447342332,3337,3227804,1470674223,-1701459043,1029968466,636733270,-1053486892,-1154271068,-1132605079,3314000,140143734,-211787743,3479,-505296440,-1068799382,-2045288617,108849,3414671,-1106478084,66125922,-1800373554,3433509,440339250,-1822967846,1082600804,-1366299605,414758441,-430332865,1931872672,-1507633789,3505952,108685738,3506290,1541397580,3512060,-1715965594,-903579360,2057610710,-2008465055,147816263,1876609401,-1663206780,-1811361124,3552428,55484705,110371416,1050550529,-1729849054,-1658034800,1230441723,3649703,1603008732
-0.85,92779969,-1377549412,94851467,3481098,841859339
-0.86,94425557,5788903,102845964,-1068799201,1906975910
1.6,-1268789465,-677410898,2037210682,-267298799,998538147,-1000044642
-0.87,108124
-0.88,96867,99750240,109641799
1.8,-1367387233,99043410,570282027,-982667106,1035524978,2067300293,-891985657
-0.89,957814433,3138974,2054222044
-2.25,-934535297
1.89,113020685
1.88,96416,106433143,-1006205393
1.86,1649352188,-1650246269,-2029970479,-1724158635
1.83,-1411068529,1978100471,110358814,-1671097591
-0.91,-867829110
-0.92,114252,-1661628965,-969315505,1044829360
-0.93,108285828
-0.94,-1895276325,-933770714
-0.95,115107
-2.33,3047074,126626284,2124244187,-435567843,3264864,103898878,3375849,-1022637561,105560318,2061494827,113634,-1085079239,110550971,-860970343
-0.97,-332955999,-315056186
-1.67,96354,-524397191,-187388704,-1805660570,-217975911,98278,856777644,-699761677,1193469614,1642386505,-677615004,-1266402665,3182464,927851777,-243364217,104580,-1097452790,358728774,-332506163,110168,-1795631257,-1001082257,-490041217,429846366,1090072282,1385264134,109264607,109447692,237270128
-0.99,-1220755802
1.91,3387236
2.67,361036468,96356935,-97498500,168272876,-620950022,349471737,631578023,-967831718,-678441026,110127118,-724729403,116085319
1.95,-690658665
0.0,-778961402,2987226,-1200507606,-1426876092,-1354466595,-2137427516,-1835743441,-1422950858,2988577,92657648,1977085293,1255702622,92669464,-1131566974,-694094064,-1421967640,-711288653,92678224,-1088975874,-1092951110,1020028732,3110,92750597,92762796,-1419320505,650001309,-1418877587,96572,63568500,-686558469,-1417459055,2995908,2996632,92903173,-914360732,-1414968818,92909147,-1414277300,1655816780,-889366041,-1792383963,-800953050,-600548993,-1413853096,92958282,-861391249,-940675184,565271564,-1059102296,-793235316,543811625,-1409670996,-1409660599,-1409660528,839674195,-738951203,3002780,-1409195539,110789386,-1409157417,-732377866,-663688916,1429828318,1207406060,177496119,554374034,976077109,1673671088,-1201129404,3007214,-347201283,3016250,-337090063,93509434,-329038804,97306,-232564852,-1392945365,668139773,-1390261332,3023638,97536,97700,3029410,-1383386808,2005271354,-1110210727,70445175,97750,246311809,363422504,94011321,-1808364994,-1368073258,548640964,-1367751899,-42524317,-1411310768,1099777201,3046161,46975609,3048162,1526292426,-644524870,98416,3172,94623425,742259132,1546067986,746277059,746287516,-1361218025,94637180,94669354,782958569,94671341,853581410,-1904083725,950199756,-1106201286,-1495031955,898653908,-226922729,1501438184,1524406270,-1354814997,-885992525,950484093,-1412713374,-844436471,-735381268,950488103,-1095396929,-541415898,-541203530,-538071013,-447446250,-1399754105,-1394183372,-887145624,-1731706776,-602687458,1082744535,-1433720864,-1606703562,-421004483,-406958925,-756386249,624239221,-2123415282,-566947096,951590323,952219641,-781405392,1466027221,958486040,1822874968,1952046943,95011658,405954562,95130713,-1339115575,-1339089505,1789464955,95356549,-1335760143,1574019135,95468108,1552717032,3079730,523904865,-916653860,1554530402,-247821677,1499865849,-1335246070,1552013984,1728361789,445606381,536884640,1881674180,95596799,99640,1136956064,1898765982,95858704,99776,-1320984141,3094783,-1992012396,95952296,1528280640,3231,-1887963714,-1833928446,-266992274,180852679,723643912,3116489,-1636833653,1629013393,-1429548094,-1623837028,3117816,-1604087517,2057816588,-2105867766,-1298275439,96757556,581637926,1076356494,-1294735519,3122572,-1464627197,-1624149170,100759,-1291033219,-70991906,-1436269324,-2086861638,1994055114,1637002407,296985732,725062635,1526144572,-1935699042,971122388,132395019,1642386490,136118801,1345559435,-1289153596,-1308979344,-1288563695,3135120,97192177,-1281971279,681500617,-1281887900,-1280361362,101227,-420498893,-963586375,97322682,97424620,-681256123,355896767,-1800686326,357555735,-1274319797,3143298,-778749547,3145720,-928613453,101491,-1271344497,-691041402,1587111661,-1266513393,-600135948,-1075629847,218946373,-45929582,-1263365596,3166238,1810371957,-1249385082,98317651,-186450909,98526144,204261626,98539350,2123336207,3179333,102564,3179656,-1234875793,3194872,99043905,692803388,2277696,99049543,-1224424782,-1221270913,795311618,99154469,99280312,-1329812385,1950555338,1877942231,99454736,-303628742,3212359,-1206476313,-1206139844,-1194061997,3363,783881183,-424940823,3236938,-1496467172,-597168804,-597162940,1943585142,-36225766,-814347469,-1184061039,1225074021,36682261,310319468,-760553469,1957615864,-1902361261,1134120567,498877910,1844104930,465295900,-1183703051,1960030843,631418246,3367,3239041,104497,3240726,2055291776,104572,3241940,2100749530,3375,-1163923358,3258618,105405,-22170400,3398,-814676271,-1131257686,106466,106489,106493,102736068,106909,102742843,-1109866974,-1106750929,1574204190,380329138,-1106123878,-1103061929,166757441,-287675339,169969911,102970056,1629873584,102977264,336650556,3327275,-1097095298,103166465,107485,3333041,574509926,1400295361,198898295,317649683,103662341,-392916283,835804755,236679320,107868,840087298,841368454,103769423,-676934993,-676919238,103772132,3347570,107992,-1077545660,3351580,-1413680492,3351804,108273,-1068855114,1226957192,-508172582,-1068354342,108307,104087219,108392,-1206117277,-1062813653,-1052961487,1862666772,104714029,104813829,109070,3381364,3381409,-1255046409,2129108653,2129173798,1579882090,109269,3390816,-2078078883,373266436,-1548707529,-650955263,110119,105870721,2020520249,-1304198408,1234314708,1178922291,-2141605087,-1883805922,-1005512447,1907164834,-1666848025,-995865480,978602461,-995607032,110749,-793443958,-793268436,170010138,106642798,-988208342,669062760,-493732192,-493567566,3443937,-1854289964,-985167565,1410336145,-391201982,757836652,757850262,-390851281,3584,-980211737,-1290410310,-1459831589,-318370553,-1011416060,696975130,-1276557014,-314765822,-1165461084,-1153844237,-1051840099,-75767691,790454872,-995792200,2039319542,-987494941,-987485392,-945348111,-966751852,-966649985,3604,112303,655087462,3492747,-938376539,-938365844,975498623,977992378,108290519,112707,-859516441,-875191226,-859509714,-827764056,1081746740,176534739,983697550,429853093,1256419142,851230718,108389165,1082880659,501067804,-934795603,1086109695,414760125,-27327854,1984237395,1830694535,869838326,999189077,-934535283,-655310745,-455413135,-427039533,671799926,2011004359,1094783387,-1210894809,2022965359,2124045082,-347026673,1653357265,-934432175,-1772467395,-926675790,-264500798,493044106,1099966060,505562104,1099966200,3500252,3500751,1366973465,3650,-919652293,1555550099,-919550409,109193120,109194934,1859784440,1863472752,109202750,3522799,113636,-1115813995,-2114201671,-1115742246,3524221,-907977868,109264468,-483444832,-857898080,1970241253,947936814,109314082,-906090782,109321057,109323182,-2116856848,-905826507,-194180558,2054015994,109399890,-747385589,-991109628,-659627281,2054221642,109400043,109407362,-345265309,3529652,-868060640,2082674415,-902286906,-899870229,136321634,-896611196,-896516230,109627663,-2021876823,-1886189087,-1720670199,-2132535343,1493410675,24436092,-1832399890,-895684237,-1993233257,-1352060538,-1897371585,-1897135820,109760971,1791476051,-1881768774,-1881751476,-891980137,1443346800,348678395,-189114728,519966089,-1731985682,-2020651736,-600442189,-1288799445,-1525319953,109795078,-1852933535,-1852922902,-1345688218,568975365,1976086409,3552330,-634597627,-1020393134,-1290223007,110246737,1489080793,3559892,3559907,-888552154,115027,3565952,110546223,-1139044281,-849883065,-867922513,110550847,-1134366926,-805636223,3566226,448241545,1508816759,3568677,3571837,3591607,-1764311893,-1026733217,200768319,-840526557,-840442044,666718663,-840272403,512895450,-275451639,-840153557,-838902575,1182441433,-219161630,116099,3599307,-1685839139,112093807,460367020,1595196621,3622294,-2117471690,-1888027236,3641859,168538816,-794960324,1983442139,3642212,-791826907,1223213676,1108639692,114744633,-1281253244,2119627061,115168792,-724734567,-409260671,3744804
0.1,96448,96521,-1392319985,-599760865,-205678543,-567202649,-1895276649,-351759157,95356534,434215475,-1983274718,-962584985,1949242831,-1309357992,-541674384,1917680716,-248994863,1225074229,-1154529463,-675089585,102977279,3327612,1843485230,-314497661,-804936122,-799113323,-905838985,2061263009,109770518,-1844222469
0.2,-662464524,552255848,-1367603330,856777882,2043233558,-1935718728,97304899,-853259901,-853258278,98615580,-1552542997,2125650548,-1826443683,1938494073,-2015981861,2093696456,-1109880953,-1106172890,1662702951,-1820082146,-948399768,-340323263,-264618025,109310734,-905826492,682627600,3714,-810883302
0.3,353949895,395976461,1820421817,568196157,1557721666,440651083,-1083815289,99281142,127156702,104488,835278586,3388105,-768536570,1945170221,108277116,-335789700,945734241,110125383,-1335703506
-1.71,98615564,299066663
0.4,-1423928639,3002514,-1331214714,94427131,1121473966,99221,-67787455,-1305664359,98449901,3213854,-1106367012,-525602547,103660767,3373424,-1052653964,-2141611814,664382521,1080382817,-27333718,-430332880,-1819541851,3500797,109609223,110369152,1280407934,-795199070
0.5,-803323243,-1147692044,1468661603,175177151,92909918,-1414484263,-611185915,177495873,93223518,-1403892164,97282,97285,-1392839946,-1383795714,552585030,94432067,-751521150,1834510612,3053915,-47030671,-844691238,-599528303,-850725661,727663900,1724603733,378636607,-346171831,-1343128099,95131878,95458912,567961658,-29062448,1044731056,1305942142,95582509,-1084968817,288459765,943542968,-1299756852,1524233101,588913375,-623607748,-1012912915,261136251,-1309148525,-1820889799,-1091957674,-1268778895,97705513,-1241457972,283602138,3202880,1100520413,1270440441,100048988,-513930371,100328025,175566653,-1183792455,492822833,-1850586520,-751022974,-1096977774,835344392,-1081422335,107870,-1081306068,417128947,953648249,104693067,1945462417,-1040255739,-1039886568,2129347724,2129347739,-1039608139,-1313638115,1731793807,-2014337440,106748863,-2023558323,-1348014280,1758495571,440369079,-1909444003,-1909443988,-1887622086,1092462572,-484154646,108873975,-919806160,3512136,1434715976,109399845,-903566235,-902265784,-900562878,-871772727,-2132874958,-1284644795,1318331839,-891423025,-19802948,-1550945790,110234038,1469661021,3556461,-1060006900,110640728,-965506090,110844025,1887918305,116024,-2126909920,3645304,113012092,-511012585,-1456698635,1233099618,-782076501,3828,-730754426
0.6,-196794451,3145,-1364013995,95763319,-1262874520,1165631221,-1102429527,3446818,-318452628,-1094759587,-987494927,1092896265,-817598092,-1790517947,109637894,1493416331,-94588637,1800551012,-1917967323,-788048780,1349781524
-2.43,-991471698
-1.75,-675228979,3128279,1980308627,-1684858189,-1078222292,-303777710
0.7,-1751268865,841407851,1381240134
0.8,3005871,1375970282,-1578572442,99770,-862482119,1050790300,2045821672,1141429951,-350385353,1872948409,3533313,-1893562171,1403048670,-965481915
-1.78,-791146494,3641980
-1.77,97527045
0.9,283601914,98495414
-3.0,92568563,-1424355189,-710246356,-710246318,866533639,-2060462300,2004821190,2019918576,92757515,-589452273,-1415179431,2996729,92899676,9222659,1812533053,-736660635,-1912110902,-1743689887,-742208896,-1408192852,-325126386,-647071915,-622478124,3015910,3016376,-331224509,1327422992,-224102021,-1386572523,-1383199282,1325085560,-1378241396,-1377934078,94103840,-1367724422,1889341808,1246805180,-3744969,3046188,24489626,557191019,94534353,-1364402253,1519172543,-150291323,98400,98415,-1789299214,63659767,-680989386,-1357703960,1783320270,-226926437,-1412832500,-1408959708,94844301,-1995960149,3059573,956152053,-1354571704,98782,-1351975282,3065378,1127569505,1436738261,-1338959778,3076044,95358580,99278,-2028505734,-1335714480,-244659485,-1219568786,738401298,-1196150917,246043533,1195450719,3083677,285367328,336577043,95852635,-1964947372,96501409,2000740036,-635354944,-930968754,3116761,96627384,-1784767678,-1623972515,1516785737,-1289159393,-1309235419,-1926036653,681238540,97201669,97201727,101295,97436148,101392,1626861187,765912085,2124243949,1131349676,-191012642,2068629202,98128353,3176793,98615224,98708952,138409244,-1224577714,795728692,795788274,3202804,-598493037,-1265780286,-1211382781,636717247,1893405558,-1978957907,-1100221216,1945248862,1774829597,1421567018,1951470487,553280915,-1603080875,610042042,482782105,-470875398,-1179357728,100881631,1316079505,105441,-1138706712,-750770347,106382,-1125539002,3314548,1587129793,1936401935,1340114095,-328000802,-1102671473,1194692862,1333262294,102983434,1901043599,107332,-1096913606,107493,103652300,1248439762,-1081434597,-1812800580,-1077613904,-1440008444,-664515007,1062776390,-393792549,3351650,-332498247,-1068472239,104591183,-35468890,1448195487,1213268218,109064,1957247159,-1023368385,1067472170,-1194593465,3543,-366082293,-280359396,61682540,529824115,-749043383,3572,110846,-1676983117,3444110,-804624827,-1391105997,1556662169,-318452207,-1315428713,-2125035934,-979994544,-314498168,-1003761773,-1095364174,-309210225,-979803312,-309012666,3470558,-938608818,345689335,405855504,-934918890,1583032518,-518169688,-204260667,1094177414,-427039523,-934445830,541998374,-1561062452,-1148295641,-1388257506,1162954323,1211762355,1549901873,-919755226,109207935,1869633320,109210586,109264530,1818107423,109320753,3529462,3530050,-902104540,847351003,109526835,-2097570949,-748966586,114070,2057886462,-894674625,-1897321490,-1897124204,109757754,-892066909,-1755413029,-1339606153,1787039326,-881056718,-881021161,-897942463,3552637,-1304196282,-877324069,-1176880063,-1353292654,1228536567,-873960692,-2076650431,110550782,3568417,3570557,3573480,1305411028,-840634051,-941884439,-278759285,48636469,1322600262,-838600666,246239300,112893947,-794964302,1223169806,113126395,-787802888,113137917,-940135173
